1.280047563176800636e-03 7.192702350796026378e-04 3.654509008961300681e-04 5.259480791118752673e-05 7.188561935023150861e-05 7.286223424260726902e-04 7.102659327087028785e-04 4.874785093084926888e-04 5.991094004711387941e-04 5.382963433054446844e-04 3.010833980267954460e-04
7.192702350796026378e-04 7.006384287154035191e-04 4.784249270295500467e-04 1.256480589148143117e-04 8.476173344921516411e-05 4.791354773059152230e-04 4.029971550467966812e-04 3.077796380164074422e-04 2.063244915987093840e-04 2.562721012775259050e-04 3.206385894147403652e-04
3.654509008961300681e-04 4.784249270295500467e-04 5.392726768132555422e-04 1.542816344801880971e-04 9.921112222370513818e-05 7.370946392248888012e-05 -6.044890248715065932e-05 -6.348018924010677519e-05 -2.853620450412593470e-04 -7.577264021852357331e-05 3.610764186082050624e-04
5.259480791118752673e-05 1.256480589148143117e-04 1.542816344801880971e-04 9.045091705010660477e-05 3.631428543026827952e-05 -6.455684277067680972e-05 -1.327478555316760015e-04 -9.656153462215381097e-05 -2.986446601839804903e-04 -1.206887276455481791e-04 9.627596877478751861e-05
7.188561935023150861e-05 8.476173344921516411e-05 9.921112222370513818e-05 3.631428543026827952e-05 2.742946864399037251e-05 -2.561875222211512697e-05 -5.139405240866563315e-05 -1.388400832689556571e-05 -7.673120727115273661e-05 -5.055149342308309728e-05 7.100876084583981744e-05
7.286223424260726902e-04 4.791354773059152230e-04 7.370946392248888012e-05 -6.455684277067680972e-05 -2.561875222211512697e-05 1.656418454931620800e-03 1.702339422423454485e-03 1.265538794075454993e-03 1.335431966740469349e-03 1.273427800670205419e-03 4.986806530742108966e-05
7.102659327087028785e-04 4.029971550467966812e-04 -6.044890248715065932e-05 -1.327478555316760015e-04 -5.139405240866563315e-05 1.702339422423454485e-03 1.922400880015166531e-03 1.391928547019640914e-03 1.985580958319486944e-03 1.411098419227732777e-03 -2.628628203219118915e-05
4.874785093084926888e-04 3.077796380164074422e-04 -6.348018924010677519e-05 -9.656153462215381097e-05 -1.388400832689556571e-05 1.265538794075454993e-03 1.391928547019640914e-03 1.622616610749332737e-03 1.308325689879471631e-03 1.109502430766068273e-03 -2.064252760350679888e-05
5.991094004711387941e-04 2.063244915987093840e-04 -2.853620450412593470e-04 -2.986446601839804903e-04 -7.673120727115273661e-05 1.335431966740469349e-03 1.985580958319486944e-03 1.308325689879471631e-03 5.046647435292038984e-03 1.344578405764290793e-03 -3.932880288492145003e-05
5.382963433054446844e-04 2.562721012775259050e-04 -7.577264021852357331e-05 -1.206887276455481791e-04 -5.055149342308309728e-05 1.273427800670205419e-03 1.411098419227732777e-03 1.109502430766068273e-03 1.344578405764290793e-03 1.375249605795366391e-03 -9.074534848476940169e-05
3.010833980267954460e-04 3.206385894147403652e-04 3.610764186082050624e-04 9.627596877478751861e-05 7.100876084583981744e-05 4.986806530742108966e-05 -2.628628203219118915e-05 -2.064252760350679888e-05 -3.932880288492145003e-05 -9.074534848476940169e-05 3.137331438002549742e-04
