3.767965818331933214e-04 2.160660624862795252e-04 1.050553994168062729e-04 6.012219498331710819e-06 1.780189987732198862e-05 4.639588029801685687e-04 4.774585272004246953e-04 3.840130578308781047e-04 4.600058432030260493e-04 4.130057114500983585e-04 6.247068006160845695e-05
2.160660624862795252e-04 2.166991802901627564e-04 1.208859448038912294e-04 2.942489846302637761e-05 2.271957037966813232e-05 3.006787479591875568e-04 2.949294458308637985e-04 2.392601401831532084e-04 3.339122607435371782e-04 1.840373790460603405e-04 7.571706367959890030e-05
1.050553994168062729e-04 1.208859448038912294e-04 1.090108259530205790e-04 2.360409466854747934e-05 2.303355889555811051e-05 1.342298097492067386e-04 1.295419339868596122e-04 1.498689206682303151e-04 1.118196590133150637e-04 7.412238004759454308e-05 7.292942512557157916e-05
6.012219498331710819e-06 2.942489846302637761e-05 2.360409466854747934e-05 2.363980167137849672e-05 1.260412301838783141e-05 -4.626829539652459493e-05 -5.205170412343274391e-05 5.961256648478801753e-06 -3.122378062974475360e-05 -5.255316348547954498e-05 1.644577002026602450e-05
1.780189987732198862e-05 2.271957037966813232e-05 2.303355889555811051e-05 1.260412301838783141e-05 9.796513463970928835e-06 -8.977370070717821321e-06 -1.086958154110420616e-05 2.234541517386514955e-05 -5.831733786945717320e-06 -2.045039011665029011e-05 1.515573018072310547e-05
4.639588029801685687e-04 3.006787479591875568e-04 1.342298097492067386e-04 -4.626829539652459493e-05 -8.977370070717821321e-06 9.456850369597744705e-04 1.000956009784526816e-03 5.878508687693763217e-04 1.096835459821485573e-03 7.957372673265983862e-04 7.192881892445202030e-05
4.774585272004246953e-04 2.949294458308637985e-04 1.295419339868596122e-04 -5.205170412343274391e-05 -1.086958154110420616e-05 1.000956009784526816e-03 1.080100837969915750e-03 6.347235926471782004e-04 1.216520702353835262e-03 8.601308520310455095e-04 7.390077904901447444e-05
3.840130578308781047e-04 2.392601401831532084e-04 1.498689206682303151e-04 5.961256648478801753e-06 2.234541517386514955e-05 5.878508687693763217e-04 6.347235926471782004e-04 6.145954296418228852e-04 6.840385332033181807e-04 4.671728979280759882e-04 1.106158086910805554e-04
4.600058432030260493e-04 3.339122607435371782e-04 1.118196590133150637e-04 -3.122378062974475360e-05 -5.831733786945717320e-06 1.096835459821485573e-03 1.216520702353835262e-03 6.840385332033181807e-04 1.925567197171048142e-03 9.293005784801441948e-04 6.561731430604701481e-05
4.130057114500983585e-04 1.840373790460603405e-04 7.412238004759454308e-05 -5.255316348547954498e-05 -2.045039011665029011e-05 7.957372673265983862e-04 8.601308520310455095e-04 4.671728979280759882e-04 9.293005784801441948e-04 8.707309365899990310e-04 3.038417923134739375e-05
6.247068006160845695e-05 7.571706367959890030e-05 7.292942512557157916e-05 1.644577002026602450e-05 1.515573018072310547e-05 7.192881892445202030e-05 7.390077904901447444e-05 1.106158086910805554e-04 6.561731430604701481e-05 3.038417923134739375e-05 5.888982117958363336e-05
