,VNQ_VANGREALEST,EMB_USDEMRGBOND,LQD_CORPBOND,MUB_MUNIBOND,SHY_1-3USTR,VIG_VANGDIV,IVV_SP500,EEM_MSCIEMERGING,XLE_ENERGYSPDR,EFA_MSCIEAFE,TIP_TIPSBOND
0,0.01,0.01,0.01,0.01,0.01,0.01,0.900000015116886,0.01,0.01,0.010000012533897795,0.010000009868087644
1,0.01,0.01,0.01,0.01,0.01,0.01,0.9000000080192788,0.01,0.01,0.010000016958451284,0.010000010877992124
2,0.01,0.01,0.01,0.01,0.01,0.01,0.8999999993235521,0.01,0.01,0.010000022727901394,0.010000012029240167
3,0.01,0.01,0.01,0.01,0.01,0.01,0.899999988724982,0.01,0.01,0.010000030249680986,0.010000013325543473
4,0.01,0.01,0.01,0.01,0.01,0.01,0.8999999760955616,0.01,0.01,0.010000039587233542,0.010000014825529679
5,0.01,0.01,0.01,0.01,0.01,0.01,0.8999999615928298,0.01,0.01,0.010000050719271306,0.010000016430035345
6,0.01,0.01,0.01,0.01,0.01,0.01,0.8999999417284691,0.01,0.01,0.010000067020762999,0.010000018181199135
7,0.01,0.01,0.01,0.01,0.01,0.01,0.8999999058554036,0.01,0.01,0.010000098386940175,0.010000020545649952
8,0.01,0.01,0.01,0.01,0.01,0.01,0.8999998264451805,0.01,0.01,0.010000173302318206,0.01000002306590033
9,0.01,0.01,0.01,0.01,0.01,0.01,0.899999744944897,0.01,0.01,0.010000251261356567,0.010000025119084642
10,0.01,0.01,0.01,0.01,0.01,0.01,0.8999996068228298,0.01,0.01,0.010000386165796023,0.010000026976414432
11,0.01,0.01,0.01,0.01,0.01,0.01,0.8999992778446734,0.01,0.01,0.010000711516496761,0.010000029231724229
12,0.01,0.01,0.01,0.01,0.01,0.01,0.8999992555526469,0.01,0.01,0.010000730816138136,0.01000003108975687
13,0.01,0.01,0.01,0.01,0.01,0.01,0.8999989437081658,0.01,0.01,0.010001039048986209,0.010000033464823695
14,0.01,0.01,0.01,0.01,0.01,0.01,0.8999983341405605,0.01,0.01,0.01000164463631364,0.010000036155018686
15,0.01,0.01,0.01,0.01,0.01,0.01,0.8999983623513587,0.01,0.01,0.010001612828563895,0.010000038516801766
16,0.01,0.01,0.01,0.01,0.01,0.01,0.8999993061080701,0.01,0.01,0.01000066688348888,0.010000039700902262
17,0.01,0.01,0.01,0.01,0.01,0.01,0.8999993178295639,0.01,0.01,0.010000651704371843,0.010000041985906163
18,0.01,0.01,0.01,0.01,0.010000000060398454,0.01,0.89999940369264,0.01,0.01,0.010000562235434118,0.010000044353428182
19,0.01,0.01,0.01,0.01,0.010000000193018164,0.01,0.8999995326714015,0.01,0.01,0.010000429626915028,0.010000046838266273
20,0.01,0.01,0.01,0.01,0.010000000308647014,0.01,0.8999996289025366,0.01,0.01,0.01000033006446765,0.010000049138099022
21,0.01,0.01,0.01,0.01,0.01000000045617263,0.01,0.8999996422225867,0.01,0.01,0.010000312163734319,0.010000052510023347
22,0.01,0.01,0.01,0.01,0.010000000641546675,0.01,0.8999996289197172,0.01,0.01,0.010000318619576887,0.010000057942943688
23,0.01,0.01,0.01,0.01,0.010000000817198445,0.01,0.8999995920666718,0.01,0.01,0.010000348035415434,0.010000064062862747
24,0.01,0.01,0.01,0.01,0.010000000985435444,0.01,0.8999995994296914,0.01,0.01,0.010000331486559686,0.010000071880111549
25,0.01,0.01,0.01,0.01,0.010000001190415211,0.01,0.8999994928669204,0.01,0.01,0.010000425167996372,0.010000083204306256
26,0.01,0.01,0.01,0.01,0.010000001445443496,0.01,0.8999992103762688,0.01,0.01,0.01000068636512417,0.01000010268922685
27,0.01,0.01,0.01,0.01,0.01000000145418639,0.01,0.8999992787543368,0.01,0.01,0.010000620409163458,0.010000100265642742
28,0.01,0.01,0.010000000039671624,0.010000000041621753,0.010000001543881226,0.01,0.8999987762324365,0.01,0.01,0.010001117571647393,0.010000105181694578
29,0.01,0.01,0.01,0.01,0.010000001480968978,0.01,0.8999993312188022,0.01,0.01,0.01000058596771816,0.010000081836632294
30,0.01,0.010000000007984422,0.010000000039081693,0.010000000043810423,0.010000001590824344,0.01,0.8999989597531183,0.01,0.01,0.01000095658590753,0.01000008221937142
31,0.010000000026075408,0.010000000045544055,0.010000000077116475,0.010000000081910187,0.01000000160993003,0.01,0.8999988576264526,0.01,0.01,0.010001055987595783,0.010000084665145176
32,0.010000000040453308,0.010000000060117054,0.010000000092553597,0.010000000097534273,0.010000001651479903,0.01,0.8999984398068944,0.01,0.01,0.010001474786047708,0.010000083546914342
33,0.010000000091311403,0.010000000111955685,0.010000000148710298,0.010000000154551904,0.010000001715247795,0.010000000015498113,0.8999954938348346,0.010000000042642343,0.01,0.010004416113905101,0.010000087785848228
34,0.01,0.01,0.01,0.01,0.01,0.01,0.8999990438919621,0.01,0.01,0.010000983499429232,0.010000022909282306
35,0.01,0.01,0.01,0.01,0.01,0.01,0.8999991849274853,0.01,0.01,0.01000084241381441,0.010000022961098243
36,0.01000000006798282,0.010000000085681996,0.01000000011238664,0.010000000117395382,0.010000001653410643,0.010000000013120656,0.8999949551778772,0.010000000030436456,0.01,0.010004962146608983,0.010000080598671217
37,0.01000000006630504,0.010000000083998315,0.010000000110694043,0.01000000011570111,0.010000001648444433,0.010000000011461101,0.8999946914090097,0.01000000002877116,0.01,0.010005225070113187,0.010000081460727924
38,0.010000000087695951,0.01000000010409136,0.010000000123714069,0.010000000127237667,0.010000001680370784,0.01000000004641602,0.010004286062118947,0.010000000055949653,0.010000000040991167,0.8999956298608265,0.010000081810587924
39,0.01,0.01,0.01,0.01,0.01,0.01,0.21046271244976197,0.01,0.01,0.6995373142940906,0.010000023358627633
40,0.010000000118716301,0.010000000136594429,0.010000000163569542,0.01000000016862909,0.010000001719720875,0.010000000063301664,0.8999784674860319,0.010000000080791436,0.010000000046441748,0.010021445565239151,0.010000084450963937
41,0.01,0.01,0.01,0.01,0.01,0.01,0.8999991548021216,0.01,0.01,0.010000870805433154,0.010000024465710331
42,0.010000000118542558,0.010000000136420101,0.010000000163394442,0.01000000016845385,0.010000001691572492,0.01000000006312953,0.8999959176584335,0.010000000080618866,0.010000000046269962,0.010003997831725639,0.010000082041439146
43,0.01,0.01,0.01,0.01,0.01,0.01,0.8999943561644506,0.01,0.01,0.010005670025276778,0.010000023772501716
44,0.01000000038210121,0.010000000405052412,0.010000000424065528,0.010000000419683503,0.010000002043308559,0.010000000332788504,0.010000566339439583,0.010000000334035784,0.01000000034290542,0.8999993440887941,0.010000084887825526
45,0.0100000005812824,0.01000000060536383,0.010000000630856973,0.01000000062858174,0.010000002350849366,0.01000000052057298,0.010000202505224319,0.010000000529005555,0.010000000520279648,0.8999997120386432,0.010000079089340082
46,0.01000000078344294,0.01000000080863884,0.010000000836339179,0.010000000834280993,0.010000002589871214,0.010000000718223295,0.010000150224951737,0.010000000728323456,0.010000000715911497,0.8999997624230086,0.010000079337008125
47,0.010000001005704997,0.010000001032310024,0.010000001062130844,0.010000001059945158,0.010000002835680904,0.010000000935794846,0.010000122200316328,0.010000000947101136,0.01000000093225116,0.899999786288783,0.01000008169998165
48,0.010000001195292459,0.010000001222736837,0.010000001253953094,0.010000001251958586,0.010000003031627114,0.010000001122499177,0.010000097520559333,0.010000001134770203,0.010000001117992189,0.8999998114415896,0.010000079707021345
49,0.010000001391084215,0.010000001419842695,0.010000001452785854,0.010000001450542311,0.010000003246089335,0.010000001314308367,0.010000085970646257,0.010000001327375259,0.010000001309158674,0.8999998191520622,0.01000008196610496
50,0.010000001563439704,0.010000001593165922,0.010000001627432697,0.010000001625137886,0.010000003412854914,0.010000001483712231,0.010000074319981043,0.010000001497471912,0.010000001478005704,0.8999998295371054,0.010000081861692437
51,0.010000001726079254,0.010000001756683724,0.010000001792117656,0.010000001789791943,0.010000003580012979,0.010000001643741464,0.010000065595517246,0.010000001658099413,0.010000001637604962,0.8999998375231858,0.010000081297165496
52,0.01000000194732227,0.010000001979682763,0.010000002017282331,0.010000002014448976,0.010000003803507398,0.010000001859837767,0.010000059802359478,0.010000001875034551,0.01000000185312924,0.8999998376913435,0.01000008515605181
53,0.010000002215763125,0.010000002250620707,0.010000002291233325,0.010000002287494009,0.010000004099824357,0.010000002120996462,0.010000056423958936,0.010000002137240716,0.010000002113597084,0.8999998319855689,0.010000092073702423
54,0.010000002461435818,0.010000002499122721,0.010000002543124909,0.010000002538129505,0.010000004350836799,0.010000002358410684,0.01000005528302728,0.01000000237571942,0.010000002350275764,0.8999998223466714,0.010000100893245666
55,0.010000002713675356,0.010000002754301034,0.010000002801880648,0.010000002795616345,0.010000004598571723,0.010000002601995371,0.010000051840761607,0.01000000262047548,0.010000002592985292,0.8999998144553947,0.010000110224342457
56,0.010000002936716696,0.010000002980236775,0.01000000303134429,0.010000003023745202,0.010000004867858372,0.010000002816494286,0.010000049107775846,0.010000002836092233,0.010000002806613641,0.8999998055860203,0.01000012000710234
57,0.010000003209761571,0.010000003256875587,0.010000003312342812,0.010000003303073823,0.010000005138766584,0.010000003078987954,0.010000046969769158,0.010000003099944041,0.010000003068086646,0.899999794024733,0.010000131537658895
58,0.010000003531348582,0.01000000358456821,0.010000003647491942,0.010000003634836012,0.01000000546447582,0.010000003382427486,0.01000004503010898,0.010000003405484806,0.010000003369620923,0.8999997656716309,0.01000015927800642
59,0.010000003854953959,0.01000000391520686,0.010000003986737007,0.010000003970002898,0.010000005795193714,0.010000003685141675,0.010000043799150864,0.010000003710537667,0.01000000367011754,0.8999997287253781,0.010000194887579698
60,0.010000004155316808,0.010000004223491664,0.010000004304779882,0.01000000428321041,0.010000006104915474,0.010000003961911579,0.010000042194259913,0.010000003989869747,0.010000003944261263,0.8999996805817184,0.010000242256264882
61,0.010000004404091043,0.010000004475322781,0.01000000456036237,0.010000004537516009,0.010000006354691867,0.010000004201873528,0.010000039296407425,0.010000004231069488,0.010000004183422707,0.8999996791163816,0.010000244638861209
62,0.010000004813352724,0.010000004896897301,0.01000000499714163,0.010000004966559959,0.010000006726533152,0.010000004574618693,0.010000038078718933,0.010000004607684349,0.01000000455210921,0.899999596125389,0.010000325660994942
63,0.010000005045313875,0.010000005134801229,0.010000005242431892,0.01000000520829583,0.010000006944376295,0.010000004789061833,0.010000035769520165,0.010000004824102921,0.010000004764614141,0.8999995626432306,0.010000359634251286
64,0.010000005403415087,0.010000005507413312,0.010000005633090414,0.010000005589316168,0.010000007247739931,0.010000005104160957,0.010000034810672125,0.010000005143563336,0.010000005074722526,0.8999994348757241,0.01000048561018211
65,0.010000005304273207,0.010000005397538841,0.010000005509835609,0.010000005473955093,0.010000007215882921,0.010000005037172651,0.010000033006751483,0.010000005073676148,0.010000005011752102,0.8999995622141003,0.010000360755061628
66,0.010000005712163237,0.010000005820879636,0.010000005952374878,0.01000000590636458,0.010000007594051072,0.010000005399460664,0.010000032171092655,0.010000005440642157,0.010000005368883593,0.8999994390404568,0.010000481593630742
67,0.010000005968597516,0.010000006015971289,0.010000006072262252,0.010000006076121974,0.010000007696322913,0.010000005844288241,0.010000032236443385,0.01000000586991899,0.010000005831144446,0.8999996945026263,0.010000223886302716
68,0.010000006269932292,0.010000006319213075,0.01000000637779072,0.010000006381727749,0.010000008001502367,0.010000006140526463,0.010000030153061182,0.01000000616718723,0.010000006126857001,0.8999996903458385,0.01000022771636351
69,0.01000000672703624,0.010000006780216933,0.010000006843492592,0.010000006846848424,0.010000008375728349,0.01000000658674754,0.010000030269641465,0.010000006615248311,0.010000006571831916,0.8999996323490982,0.010000282034109848
70,0.010000007072685061,0.010000007128470632,0.010000007194879755,0.010000007198098227,0.010000008785260422,0.010000006925280216,0.01000002874727704,0.01000000695510332,0.01000000690959316,0.8999996131808348,0.010000299902517402
71,0.01000000725031147,0.010000007307684949,0.01000000737601558,0.010000007378995177,0.010000008995502171,0.010000007098459635,0.01000002794832957,0.010000007129040603,0.01000000708225258,0.899999591936767,0.01000032049664123
72,0.010000007634230488,0.010000007695025735,0.01000000776748811,0.010000007769988868,0.010000009474026898,0.010000007472835973,0.010000026987122934,0.01000000750505322,0.010000007455538041,0.8999995495033314,0.01000036073535847
73,0.010000008201611324,0.01000000826882737,0.010000008349090428,0.010000008349963454,0.010000010218193063,0.010000008021818498,0.010000026350245772,0.01000000805686965,0.010000008002255055,0.8999994251323541,0.010000481048771291
74,0.010000008749489864,0.010000008822747309,0.0100000089103412,0.010000008909847534,0.010000010774179656,0.010000008552509121,0.010000025636940853,0.010000008590277254,0.010000008530881937,0.8999993250211992,0.01000057750158611
75,0.010000009391684776,0.010000009478923367,0.010000009583736112,0.010000009576697952,0.010000011537396035,0.010000009152592037,0.010000025627236205,0.010000009195584535,0.010000009125057392,0.8999988283089487,0.010001069022142909
76,0.01000000981232865,0.01000000987567044,0.01000000995174232,0.010000009965432615,0.010000011919031306,0.01000000965372421,0.010000025335057396,0.010000009690243181,0.010000009632973756,0.8999981585551347,0.010001735608661478
77,0.01,0.01,0.01,0.01,0.01,0.01,0.010000002500841161,0.01,0.01,0.8999994178599033,0.010000600533460687
78,0.010000010210170312,0.01000001027608633,0.010000010355261183,0.010000010369510488,0.010000012490985689,0.010000010045157727,0.01000002458624162,0.010000010083147288,0.010000010023572899,0.8999976136747359,0.010002277885130638
79,0.010000010365718567,0.010000010422150936,0.010000010489412044,0.01000001051156882,0.010000012492199195,0.010000010231808885,0.010000025587792281,0.010000010267306772,0.010000010215288077,0.7605655790372465,0.1494343103795079
80,0.010000010289072178,0.01000001035550645,0.010000010435306645,0.010000010449666651,0.010000012519674304,0.010000010122770927,0.010000024421938397,0.010000010161055648,0.010000010101018588,0.8999970195339729,0.010002871610017257
81,0.010000010475413879,0.01000001053766464,0.01000001061216884,0.010000010630758673,0.0100000127101101,0.010000010323364979,0.010000024485456064,0.01000001036077095,0.01000001030398693,0.8289802183911215,0.08101967116918347
82,0.010000010452345585,0.010000010485751679,0.010000010524281129,0.010000010563749669,0.01000001259644384,0.010000010393120958,0.010000025642696881,0.010000010421956794,0.010000010388695415,0.45060689896462236,0.4593929895663358
83,0.010000011201248542,0.010000011265891123,0.010000011341449743,0.010000011362114978,0.010000013473950041,0.01000001104156344,0.010000027319948243,0.010000011081455634,0.010000011029128007,0.40477564947744293,0.5052242314058074
84,0.010000010410041744,0.01000001047726967,0.010000010558025888,0.010000010572561044,0.01000001264220082,0.010000010241763602,0.010000023969222125,0.01000001028050272,0.010000010219753552,0.8999979780486626,0.010001912579996287
85,0.010000010408391569,0.010000010475609637,0.010000010556354322,0.010000010570886142,0.0100000126960131,0.010000010240138734,0.010000024239346,0.0100000102788717,0.01000001021813214,0.8999973766417321,0.010002513674524448
86,0.010000010476378387,0.010000010539177331,0.010000010614367246,0.010000010632562022,0.010000012777270174,0.010000010322578549,0.010000024960643769,0.010000010360146694,0.010000010302920243,0.836101598126197,0.0738982908877585
87,0.01,0.01,0.01,0.01,0.01,0.01,0.010000002603109685,0.01,0.01,0.01000048132522262,0.8999995343943551
88,0.01000001171344622,0.010000011680650907,0.010000011635220987,0.01000001172958094,0.010000013998597687,0.010000011874223712,0.01000002487043684,0.010000011885780495,0.010000011915566877,0.010000915304518935,0.8999989633919764
89,0.010000011938519428,0.010000011913135048,0.01000001187674551,0.01000001196725057,0.010000014295462094,0.010000012075969254,0.010000023904318962,0.01000001209027579,0.010000012113877672,0.010000572594806837,0.8999993052296388
90,0.010000011769486257,0.010000011745655984,0.01000001171126675,0.010000011799546616,0.01000001402699044,0.010000011901028383,0.010000024185474729,0.010000011915454328,0.010000011937677203,0.010000527699804244,0.8999993513076151
91,0.010000011856077053,0.010000011826438676,0.010000011784842871,0.01000001187786553,0.010000014139595302,0.010000012007125804,0.01000002397282598,0.010000012019958808,0.010000012047110655,0.010000756058594287,0.899999122409565
92,0.010000012084744835,0.010000012050423439,0.010000012002935042,0.010000012100827238,0.01000001443075364,0.01000001225228353,0.010000023781515321,0.010000012264164328,0.010000012295369252,0.010000933942297315,0.8999989427946861
93,0.010000012009481734,0.010000011980291634,0.010000011939170753,0.010000012032876975,0.010000014335844009,0.010000012159785637,0.010000023895714662,0.010000012173075846,0.010000012199921676,0.010000718790884797,0.8999991584829524
94,0.010000011920690909,0.010000011895694686,0.01000001185979191,0.010000011949896921,0.010000014157933855,0.010000012056779814,0.010000024016045167,0.010000012071164367,0.010000012094436439,0.010000559033496446,0.8999993189440695
95,0.01000001247523579,0.010000012453533273,0.010000012421419985,0.010000012512840405,0.010000014737819385,0.010000012603128987,0.010000022884548933,0.010000012619708464,0.010000012640430095,0.010000398040452505,0.8999994766108822
96,0.01000001281134753,0.010000012788511611,0.010000012754833065,0.010000012849345315,0.010000015043544143,0.010000012944588398,0.010000022030890671,0.01000001296156109,0.010000012983373602,0.010000412923974173,0.8999994599080304
97,0.010000013284063983,0.01000001326605501,0.010000013238088743,0.010000013332390152,0.01000001544313019,0.010000013403741698,0.010000021008402101,0.010000013423246329,0.010000013441197728,0.01000024440502957,0.8999996257546545
98,0.010000013867875532,0.010000013850657437,0.010000013823353464,0.010000013921201777,0.01000001599502798,0.010000013987875695,0.010000020092012158,0.010000014008954235,0.010000014026529455,0.010000200159852745,0.8999996662666595
99,0.010000014493300907,0.010000014476993379,0.010000014450458441,0.010000014552163145,0.010000016405902156,0.010000014613516059,0.010000019597263777,0.010000014636326405,0.010000014653496548,0.010000156555432248,0.8999997055651471
100,0.010000014809371403,0.01000001479387932,0.010000014768173237,0.01000001487162157,0.010000016686882109,0.010000014928542838,0.010000018989048318,0.010000014952362973,0.010000014969015081,0.010000129665621369,0.8999997305654819
101,0.010000015411796612,0.010000015277087158,0.01000001510935422,0.01000001528373233,0.010000017086432441,0.010000015966152447,0.010000018816854648,0.010000015953154239,0.010000016237961285,0.010000149392067052,0.8999997054654075
102,0.010000015551388235,0.010000015535445687,0.010000015508739928,0.01000001561808962,0.010000017398500477,0.010000015675991986,0.01000001845857335,0.010000015701481292,0.010000015718989966,0.0100001172534467,0.8999997375793527
103,0.010000015361888704,0.01000001522882159,0.010000015062982261,0.010000015235998827,0.010000016864927632,0.010000015909902437,0.01000001896733524,0.01000001589726723,0.010000016178879172,0.01000014730625325,0.8999997079857437
104,0.010000015889531519,0.010000015773327292,0.010000015626122022,0.01000001579206721,0.010000016992525682,0.010000016375945069,0.01000001846955621,0.010000016371330212,0.0100000166352598,0.010000103838648425,0.8999997482356866
105,0.010000016317637552,0.010000016205392879,0.0100000160622838,0.01000001622859298,0.01000001724807325,0.010000016790430147,0.010000017848470072,0.01000001678894134,0.010000017053270313,0.010000089928504973,0.8999997595284026
106,0.01000001691136711,0.010000016797875868,0.010000016652695858,0.010000016823651176,0.010000017754417279,0.010000017390756214,0.010000017541917127,0.010000017391126529,0.0100000176676868,0.010000081206313731,0.8999997638621924
107,0.010000017578376786,0.010000017461999482,0.010000017312617758,0.010000017489621836,0.010000018192901373,0.010000018071120768,0.010000018228510734,0.010000018072823412,0.010000018367488626,0.010000072787181197,0.8999997664373581
108,0.01000001801832919,0.010000017889040381,0.010000017724452772,0.01000001791206658,0.010000018632026821,0.010000018561662997,0.010000018734839078,0.010000018560336832,0.010000018886135,0.010000080471877915,0.8999997546092325
109,0.010000017532718852,0.010000017418334003,0.010000017271275193,0.010000017446759537,0.010000018010423533,0.010000018017740305,0.010000018172815248,0.010000018019975626,0.010000018310372566,0.010000071151353828,0.8999997686482313
110,0.010000017571193934,0.01000001745730462,0.0100000173107457,0.010000017486207085,0.010000018138476017,0.010000018054488417,0.01000001820923488,0.010000018057054647,0.010000018347378025,0.010000069882806628,0.8999997694851102
111,0.010000017547657962,0.010000017433269576,0.010000017286176624,0.0100000174618033,0.010000018226184222,0.010000018032768242,0.010000018187925843,0.010000018035082756,0.010000018325749177,0.0100000708972205,0.8999997685661618
112,0.010000017490838427,0.010000017376555108,0.010000017229669336,0.010000017404829852,0.010000018032469398,0.01000001797533062,0.010000018130096528,0.010000017977457523,0.010000018266820431,0.010000071757130765,0.899999768358802
113,0.010000017718594597,0.010000017600873809,0.010000017449765773,0.010000017628515104,0.010000018411473688,0.010000018216943567,0.010000018376439126,0.01000001821868968,0.01000001851850996,0.010000071954447113,0.8999997659057476
114,0.010000017770156598,0.010000017648856285,0.010000017493628485,0.010000017674881028,0.010000018586686053,0.010000018282275574,0.010000018445789967,0.010000018282937515,0.010000018589862224,0.010000075366628737,0.8999997618582976
115,0.010000017432247597,0.010000017317783702,0.010000017170772662,0.01000001734568535,0.010000018121020662,0.010000017917224976,0.010000018071898117,0.01000001791909199,0.010000018207545034,0.010000073008348723,0.8999997674883812
116,0.01000001770528103,0.010000017586084839,0.010000017433331858,0.010000017612872216,0.010000018391912894,0.010000018209172627,0.010000018370149667,0.010000018210336272,0.01000001851237325,0.010000073974035193,0.8999997639944501
117,0.010000017628651098,0.010000017515559326,0.010000017369816306,0.01000001754518631,0.010000018212787818,0.010000018109134796,0.010000018263325923,0.010000018112201407,0.010000018402338474,0.010000067936895318,0.8999997709041031
118,0.010000017621356284,0.010000017503449428,0.01000001735227062,0.010000017530508297,0.010000018409705514,0.01000001812006811,0.010000018279278228,0.010000018121399987,0.010000018419494494,0.010000073897303834,0.8999997647451652
119,0.010000017681590605,0.01000001756424548,0.010000017413610084,0.01000001759192068,0.010000018518726589,0.010000018178398237,0.010000018337319972,0.010000018180161522,0.010000018478546814,0.010000072150744669,0.8999997659047353
120,0.010000017800144761,0.010000017677419258,0.010000017520541724,0.010000017702835493,0.010000018581208742,0.010000018317775144,0.01000001848293614,0.01000001831802903,0.010000018628000484,0.010000076553341066,0.8999997604177681
121,0.010000017834064151,0.010000017712793808,0.01000001755750572,0.010000017739158493,0.010000018629285595,0.010000018346299022,0.010000018510104144,0.010000018347207444,0.010000018655442396,0.010000074184472761,0.8999997624836664
122,0.010000018134516741,0.010000018008945526,0.010000017848354846,0.010000018034578999,0.010000018998542137,0.010000018664169073,0.010000018834040605,0.01000001866466612,0.010000018986685346,0.010000073922379225,0.8999997599031213
123,0.010000017717614012,0.010000017598478392,0.010000017445773194,0.010000017625370573,0.010000018459471034,0.010000018221326755,0.010000018382303534,0.010000018222565238,0.010000018524746622,0.010000073681732065,0.8999997641206186
124,0.01000001796974073,0.010000017845871222,0.010000017687454347,0.010000017871535686,0.010000018673456604,0.010000018492319762,0.010000018659545494,0.010000018492785796,0.010000018808351238,0.010000074863340827,0.8999997606355983
125,0.010000017754137856,0.010000017633003361,0.010000017477987308,0.010000017659029865,0.010000018546292408,0.010000018265567012,0.01000001842882589,0.010000018266226018,0.010000018572537465,0.010000075453644681,0.8999997619427482
126,0.010000017662748818,0.010000017546974244,0.010000017398147373,0.010000017575358471,0.010000018320121052,0.010000018153519937,0.010000018310695477,0.010000018155756156,0.010000018451130152,0.010000070581258265,0.89999976784429
127,0.010000017870231661,0.01000001774865405,0.010000017592968723,0.010000017775028298,0.010000018591012062,0.010000018383754701,0.010000018548063578,0.010000018384677574,0.01000001869421898,0.010000073907355557,0.8999997625040348
128,0.010000017914940394,0.0100000177925675,0.01000001763591143,0.010000017818777476,0.010000018803208865,0.010000018431660967,0.010000018597037977,0.010000018432486638,0.010000018744295925,0.010000074061992058,0.8999997617671208
129,0.010000017797842386,0.010000017677404266,0.010000017523107063,0.0100000177040312,0.01000001862842431,0.010000018306793597,0.010000018469542817,0.01000001830787202,0.010000018613924133,0.010000073829211031,0.8999997631418473
130,0.01000001756928899,0.010000017456648662,0.010000017311506243,0.010000017486198373,0.010000018080986344,0.01000001804784425,0.010000018201270515,0.010000018050845685,0.010000018339024244,0.01000006840289384,0.8999997710534929
131,0.01000001761565143,0.010000017499059221,0.010000017349373098,0.010000017526787214,0.010000018400570286,0.010000018109362775,0.01000001826716691,0.01000001811114715,0.010000018406907079,0.010000072394691861,0.899999766319283
132,0.010000018214675927,0.010000018090570348,0.010000017931517577,0.010000018117350117,0.010000018829338183,0.010000018739013662,0.010000018907744565,0.010000018740313251,0.010000019061657674,0.010000070800903744,0.8999997625669149
133,0.010000017553399822,0.010000017427340845,0.01000001726706821,0.010000017449731705,0.01000001831380085,0.010000018082759356,0.01000001825015927,0.010000018080889937,0.010000018391216354,0.010000085343187025,0.8999997538404466
134,0.01000001767552399,0.010000017557753052,0.010000017406661479,0.01000001758510895,0.010000018145764168,0.010000018173883381,0.010000018333210861,0.010000018175422842,0.01000001847447757,0.010000072770610859,0.8999997657015829
135,0.010000017555823477,0.010000017442093823,0.010000017295719596,0.01000001747107516,0.01000001856391284,0.010000018038505601,0.010000018193022871,0.010000018041129292,0.010000018330782484,0.010000069955536595,0.8999997691123982
136,0.010000017585046863,0.010000017466241982,0.010000017314094983,0.010000017492668054,0.010000018555143897,0.010000018087047192,0.010000018247022572,0.010000018087944965,0.010000018386761069,0.01000007565080448,0.899999763127224
137,0.010000017756813499,0.01000001763353497,0.010000017476089869,0.010000017658469036,0.010000018729080379,0.010000018276403901,0.010000018441930568,0.010000018276321708,0.010000018586259535,0.010000078022108163,0.8999997591429884
138,0.01000001777953248,0.010000017660845741,0.01000001750854159,0.010000017688348612,0.010000018839649046,0.010000018281802176,0.010000018442626973,0.010000018283474655,0.01000001858612983,0.010000072049164895,0.8999997648798841
139,0.01000001762875498,0.010000017513445826,0.0100000173651854,0.010000017541940019,0.010000018508133219,0.010000018117665217,0.010000018274191735,0.010000018119972294,0.010000018413813712,0.010000070609413065,0.8999997679074846
140,0.010000017354158126,0.010000017239944432,0.010000017093324499,0.01000001726759377,0.010000018139374438,0.010000017837912784,0.01000001799194701,0.010000017839598549,0.010000018126041932,0.010000074078879432,0.8999997670312251
141,0.010000017604681569,0.010000017486350253,0.010000017334708563,0.010000017513130639,0.0100000185876565,0.01000001810496131,0.01000001826453888,0.010000018106103905,0.010000018404527829,0.010000074715977136,0.8999997638773636
142,0.01000001775227168,0.010000017627675543,0.01000001746875817,0.010000017651864477,0.01000001858254618,0.010000018276828788,0.010000018443709891,0.010000018276234071,0.010000018588317247,0.010000079723537596,0.8999997576082565
143,0.010000017689590166,0.01000001756556727,0.010000017407389043,0.01000001758973487,0.010000018492699455,0.010000018211737597,0.010000018377698087,0.010000018211113983,0.010000018520907924,0.010000080183827916,0.8999997577497337
144,0.010000017485630765,0.010000017366525744,0.010000017214189177,0.010000017392262903,0.01000001833374949,0.010000017988388028,0.010000018148179543,0.010000017988797037,0.010000018286089284,0.01000007782786738,0.8999997619683208
145,0.010000017514883119,0.010000017396410136,0.010000017244746326,0.010000017422626309,0.01000001832700954,0.010000018015351334,0.01000001817462629,0.010000018016090826,0.010000018312934022,0.01000007650619204,0.8999997630691301
146,0.010000017570880662,0.01000001745425698,0.010000017304597751,0.010000017481750603,0.010000018430573292,0.010000018064556488,0.010000018222174658,0.01000001806617443,0.01000001836105114,0.010000073222610342,0.8999997658213736
147,0.010000017769408986,0.010000017646663268,0.010000017489808975,0.010000017671909358,0.01000001853800377,0.010000018287002336,0.010000018452028239,0.010000018287132678,0.010000018596486387,0.010000077137725513,0.8999997601238305
148,0.010000017787588257,0.01000001766475786,0.010000017507778677,0.010000017690062184,0.010000018615296044,0.010000018305575772,0.01000001847078446,0.010000018305751097,0.01000001861562159,0.010000076909931628,0.8999997601268525
149,0.010000017790257441,0.010000017666831588,0.010000017509177304,0.010000017691833804,0.010000018617049057,0.010000018310513722,0.01000001847636079,0.010000018310483522,0.010000018621413177,0.010000077586670071,0.8999997594194095
150,0.010000017456875355,0.010000017344354732,0.010000017199502054,0.010000017373427608,0.010000018204756156,0.010000017934598112,0.01000001808736029,0.01000001793726154,0.010000018222923707,0.010000070185382192,0.8999997700535582
151,0.010000017828828483,0.010000017703816902,0.01000001754431853,0.010000017728176495,0.010000018656374088,0.010000018355243997,0.01000001852295207,0.010000018354784113,0.010000018669206613,0.010000078811442503,0.8999997578248563
152,0.010000017759560718,0.010000017635408486,0.010000017476977442,0.010000017659882409,0.01000001866459554,0.010000018282468572,0.010000018448923514,0.0100000182820716,0.010000018593549534,0.010000079042666876,0.8999997581538953
153,0.010000017763127632,0.010000017644492947,0.010000017492292294,0.010000017671858161,0.010000018345192164,0.010000018265088732,0.01000001842576256,0.010000018266656049,0.010000018568977831,0.010000072271914467,0.8999997652846373
154,0.010000017564536046,0.010000017448094409,0.010000017298658999,0.010000017475616439,0.010000018209079389,0.010000018057476487,0.010000018214866449,0.010000018059108981,0.010000018353592427,0.010000073110194864,0.8999997662087755
155,0.0100000183093328,0.010000018186442989,0.01000001802863377,0.010000018214271308,0.010000018438433286,0.01000001882932387,0.010000018997241648,0.01000001883135965,0.01000001915281925,0.010000067772432215,0.8999997652397093
156,0.010000019029387375,0.010000018899898527,0.010000018733515428,0.01000001892787515,0.010000018975345963,0.010000019576908813,0.010000019755628304,0.010000019579364488,0.010000019928869506,0.010000062863421836,0.8999997637297846
157,0.010000019852610453,0.010000019718559156,0.010000019545634963,0.010000019748338964,0.010000019797614135,0.010000020420138518,0.01000002060826101,0.01000002042434091,0.010000020802239789,0.010000054124320625,0.8999997649579415
158,0.010000020743567827,0.010000020597336243,0.010000020409134728,0.01000002062515302,0.010000020678468287,0.010000021360387034,0.010000021566878898,0.010000021364044279,0.010000021787931477,0.010000051499372187,0.899999759367726
159,0.010000021616175003,0.010000021459569493,0.010000021258067667,0.010000021486271262,0.010000021543104502,0.010000022275230995,0.010000022498421014,0.010000022279119598,0.010000022747691897,0.010000046917350874,0.8999997559189976
160,0.01000002266084782,0.010000022484034364,0.010000022257863103,0.010000022505122445,0.010000022568387308,0.010000023400572851,0.010000023653023398,0.010000023402156381,0.010000023942502875,0.010000047053398523,0.8999997460720909
161,0.010000023795897315,0.010000023599454098,0.010000023348963898,0.010000023615602448,0.010000023685193916,0.010000024614235782,0.010000024896704393,0.010000024614507953,0.010000025233266707,0.010000043955483671,0.8999997386406898
162,0.010000024849314119,0.010000024822341271,0.010000024774504032,0.01000002497504768,0.0100000249975375,0.010000025068671717,0.010000025135095198,0.010000025117878114,0.010000025155784771,0.010000040668244746,0.8999997344355808
163,0.010000024978912522,0.010000024951669293,0.010000024903368206,0.010000025105443682,0.010000025128122989,0.010000025200087602,0.01000002526706895,0.01000002524965186,0.010000025288009041,0.01000004061772405,0.8999997333099418
164,0.010000025911113328,0.010000025882110113,0.010000025830679297,0.010000026043783751,0.010000026067778394,0.01000002614483835,0.01000002621574236,0.010000026197084972,0.010000026238586646,0.010000038137424904,0.8999997273308579
165,0.01000002689053868,0.01000002685948285,0.010000026804472381,0.010000027029578579,0.01000002705504133,0.010000027138284356,0.010000027213540407,0.010000027193386291,0.010000027238478353,0.01000003664507716,0.8999997199321197
166,0.010000028317943235,0.010000028283651718,0.0100000282230475,0.010000028466311501,0.01000002849403081,0.01000002858722599,0.010000028669155411,0.010000028646597343,0.010000028697346092,0.010000035131603425,0.899999708483087
167,0.01000002949073513,0.010000029453635985,0.010000029388183538,0.010000029646908989,0.010000029676564597,0.010000029778466995,0.01000002986612488,0.01000002984146351,0.010000029897186081,0.010000033848377115,0.8999996991123532
168,0.010000030401860876,0.01000003036257174,0.01000003029329852,0.010000030564313263,0.010000030595497571,0.010000030704115644,0.010000030796316204,0.010000030770027476,0.0100000308297505,0.010000032222780068,0.8999996924594682
169,0.0100000317982096,0.010000031755025543,0.01000003167915807,0.010000031969848971,0.010000032003584559,0.01000003212477246,0.010000032224473114,0.010000032195162259,0.010000032261695354,0.01000003227506855,0.8999996797130014
170,0.010000033047581909,0.010000033000511558,0.010000032918171265,0.010000033227222321,0.010000033263406352,0.010000033397496874,0.010000033504351816,0.010000033471950444,0.01000003354515317,0.010000033557049669,0.8999996670671045
171,0.010000033397130226,0.010000033348933532,0.010000033264720785,0.010000033579015659,0.010000033615903545,0.01000003375375404,0.010000033862664825,0.010000033829363085,0.01000003390450602,0.010000033915947802,0.8999996635280604
172,0.010000034617463542,0.010000034565198337,0.010000034474234183,0.010000034807204234,0.010000034846614731,0.010000034998117333,0.010000035114393535,0.010000035077823462,0.010000035159999535,0.010000035169706848,0.8999996511692442
173,0.010000034501279294,0.010000034449410647,0.010000034359103748,0.010000034690271102,0.010000034729437028,0.010000034879604295,0.010000034995166586,0.010000034958916139,0.01000003504040505,0.010000035050287492,0.8999996523461187
174,0.010000036099120424,0.010000036041625353,0.010000035942008148,0.010000036298424449,0.010000036341036038,0.010000036510236641,0.010000036635853651,0.01000003659504836,0.010000036686317748,0.010000036693601952,0.8999996361567273
175,0.010000036347707393,0.010000036289303146,0.010000036188184364,0.010000036548617607,0.010000036591781301,0.010000036764074328,0.010000036891301804,0.010000036849756656,0.01000003694261243,0.010000036949454972,0.899999633637206
176,0.01000003616375986,0.010000036106029264,0.010000036006022997,0.010000036363481507,0.010000036406236241,0.01000003657623752,0.010000036702272092,0.010000036661275235,0.01000003675295543,0.010000036760125775,0.8999996355016041
177,0.010000036230456349,0.010000036172482081,0.010000036072073346,0.010000036430608933,0.010000036473511673,0.01000003664434164,0.010000036770807946,0.010000036729612827,0.01000003682171815,0.01000003682877029,0.8999996348256168
178,0.010000037252632857,0.01000003719084076,0.010000037084133202,0.010000037459391773,0.010000037504602167,0.010000037688456696,0.010000037821652914,0.010000037777342123,0.01000003787612281,0.010000037881270107,0.8999996244635545
179,0.01000003907139101,0.010000039002412427,0.01000003888388108,0.010000039289900583,0.010000039339401624,0.010000039547965536,0.010000039693667976,0.010000039643448406,0.010000039754863086,0.010000039756176202,0.8999996060168921
180,0.01000003889669395,0.010000038828427846,0.010000038711066948,0.010000039114075708,0.010000039163154248,0.010000039369257948,0.010000039513729264,0.010000039464097898,0.010000039574256275,0.010000039575963019,0.8999996077892769
181,0.010000039217414151,0.010000039147836372,0.010000039028320966,0.010000039436866207,0.010000039486722102,0.010000039697356751,0.010000039844093152,0.010000039793378516,0.010000039905850354,0.010000039906830242,0.8999996045353312
182,0.010000039603182834,0.010000039532005994,0.010000039409865713,0.010000039825123687,0.010000039875924535,0.010000040092092785,0.010000040241582285,0.010000040189544765,0.010000040304840498,0.010000040304921519,0.8999996006209154
183,0.010000038855902801,0.010000038787802373,0.0100000386707137,0.01000003907302118,0.010000039122001387,0.01000003932753332,0.010000039471718094,0.01000003942222343,0.01000003953208979,0.010000039533887657,0.8999996082031062
184,0.010000039874002815,0.010000039801689386,0.010000039677684484,0.010000040097689815,0.010000040149160548,0.010000040369268468,0.010000040520709456,0.010000040467730172,0.010000040585035409,0.010000040584469214,0.8999995978725602
185,0.010000039195359805,0.010000039125872738,0.010000039006506293,0.010000039414669528,0.010000039464471729,0.01000003967479279,0.010000039821372741,0.010000039770733075,0.010000039883044834,0.010000039884075298,0.8999996047591012
186,0.010000038794865074,0.010000038727012071,0.010000038610329982,0.010000039011589319,0.010000039060422612,0.010000039265100878,0.010000039408857532,0.010000039359566977,0.010000039468997305,0.010000039470930972,0.8999996088223272
187,0.01000003877302189,0.010000038705257293,0.010000038588720485,0.010000038989605083,0.010000039038385868,0.010000039242759188,0.010000039386362822,0.01000003933714518,0.010000039446419738,0.010000039448401842,0.8999996090439206
188,0.010000038506414576,0.01000003843972302,0.010000038324950103,0.010000038721275854,0.010000038769418516,0.010000038970093193,0.010000039111837174,0.010000039063503894,0.010000039170888741,0.010000039173455188,0.8999996117484398
189,0.010000039554680975,0.010000039483706468,0.010000039361898218,0.01000003977630901,0.010000039826990454,0.010000040042457933,0.01000004019159957,0.010000040139729573,0.010000040254667782,0.010000040254863297,0.8999996011130967
190,0.010000038757927512,0.01000003869022396,0.010000038573787479,0.01000003897441323,0.010000039023157749,0.01000003922732051,0.010000039370818463,0.010000039321651163,0.010000039430818166,0.01000003943283369,0.8999996091970481
191,0.010000039658286594,0.01000003958687943,0.010000039464361222,0.01000003988058281,0.010000039931519525,0.010000040148485698,0.010000040298371012,0.010000040246142749,0.010000040361845541,0.010000040361795958,0.8999996000617295
192,0.010000038744205426,0.010000038676557339,0.010000038560212015,0.010000038960602529,0.010000039009314093,0.01000003921328556,0.010000039356687479,0.010000039307565918,0.0100000394166352,0.010000039418681071,0.8999996093362533
